vesicle 425 180 95 NaN NaN NaN
vesicle 281 482 154 NaN NaN NaN
vesicle 15 10 86 NaN NaN NaN
vesicle 451 470 1 NaN NaN NaN
vesicle 43 64 74 NaN NaN NaN
fiducial 293 381 44 NaN NaN NaN
fiducial 376 328 126 NaN NaN NaN
fiducial 58 404 19 NaN NaN NaN
fiducial 319 425 54 NaN NaN NaN
fiducial 396 379 133 NaN NaN NaN
fiducial 107 249 56 NaN NaN NaN
fiducial 170 69 113 NaN NaN NaN
fiducial 125 311 55 NaN NaN NaN
fiducial 230 362 164 NaN NaN NaN
fiducial 18 318 98 NaN NaN NaN
1BXN 446 497 138 136.7909 59.7066 325.7025
1U6G 185 307 149 107.4382 37.7418 156.9626
3QM1 500 43 76 128.3304 150.8278 210.3234
1S3X 355 391 37 40.9908 312.4928 247.4949
1S3X 122 165 77 69.3059 75.8784 336.8333
1S3X 87 473 8 113.0500 239.0476 39.0864
4V94_fixed 425 211 13 132.3523 209.4634 27.2403
4CR2 158 323 125 127.4221 53.1765 205.9523
2CG9 482 347 146 107.8269 115.5007 18.4383
4V94_fixed 135 169 71 77.5240 128.0553 84.3351
3H84 260 65 24 13.6817 133.0891 81.6717
3H84 83 470 127 138.2064 5.5918 186.4740
4CR2 369 179 159 106.1179 289.9186 181.3137
3D2F 118 439 113 55.2877 342.0323 126.6612
1QVR 379 341 31 73.2392 61.2166 66.2913
3QM1 206 126 139 100.1531 32.0992 129.7166
1S3X 230 239 112 50.3542 204.6502 241.8148
3QM1 355 259 12 49.6824 55.5091 321.3641
4CR2 260 144 48 131.4825 36.0482 15.1141
1QVR 360 375 72 49.3085 205.2458 125.0167
4V94_fixed 91 417 52 86.7668 21.0580 68.6209
1QVR 366 373 88 130.7714 13.6084 262.0999
1QVR 266 355 165 124.2356 169.9296 22.2366
1U6G 324 208 142 105.0986 175.9861 24.2031
1U6G 187 259 45 24.4403 333.6711 163.5163
3H84 198 485 40 91.4482 299.8670 332.2766
5MRC 242 249 107 158.6940 242.9869 77.2733
3H84 55 211 108 112.6929 97.2124 336.7597
3D2F 249 172 101 49.6244 300.0955 298.4844
1BXN 291 209 145 112.0944 98.6847 160.4571
1S3X 184 238 169 142.3740 354.1301 339.9687
3GL1 91 195 120 137.8054 322.0065 1.0719
5MRC 338 389 91 66.1595 168.9786 58.0590
3H84 255 76 110 65.7903 267.1531 301.8054
5MRC 335 161 84 104.0154 202.8842 135.1083
1U6G 188 240 59 158.5124 100.5735 115.1322
3D2F 458 291 139 67.7826 359.9483 187.3788
3GL1 429 326 100 28.4147 303.0172 42.0876
3QM1 461 229 10 119.1235 99.6110 273.9191
3CF3 419 481 77 30.2974 56.5144 98.4525
3GL1 225 450 23 70.9706 49.4091 326.1427
3GL1 76 45 33 111.0798 274.4766 72.3635
3CF3 401 341 25 59.8765 193.3259 271.3884
1BXN 43 374 30 92.2465 212.7034 242.8682
1QVR 144 495 125 97.7576 249.6079 338.9448
3H84 430 389 145 90.5370 167.3223 255.3538
5MRC 451 176 103 67.6448 113.2287 326.3131
3D2F 320 432 32 110.4508 18.8248 340.9033
3D2F 273 72 20 80.9372 246.8507 331.2979
3D2F 131 225 99 47.8532 200.7609 17.7802
3CF3 326 177 146 166.9888 88.3617 13.6325
3CF3 286 470 32 106.5157 327.0771 310.9841
1S3X 25 81 42 66.7165 294.1801 142.8516
1S3X 375 11 135 163.6611 186.4716 307.3259
1QVR 14 471 139 47.5100 156.2878 52.0678
4V94_fixed 109 16 39 64.2352 202.6329 208.9205
3CF3 416 60 85 88.8501 217.4083 261.2770
5MRC 408 287 67 41.5823 46.5534 305.8499
1BXN 228 482 136 118.1535 333.1905 355.7423
3D2F 33 423 146 85.1827 174.5477 239.3632
3GL1 484 233 74 140.8327 326.5015 30.5565
1BXN 414 482 131 106.0992 98.2806 283.1950
3CF3 93 185 31 106.3227 157.5207 326.7496
3D2F 421 239 45 55.2175 334.9000 158.5565
2CG9 73 329 82 81.1820 190.5728 200.0028
3H84 137 350 91 100.3127 10.4483 53.5559
2CG9 109 398 71 121.4929 276.0174 63.5052
5MRC 176 276 36 27.4574 329.2598 67.1173
1BXN 203 435 158 87.1683 39.3344 192.9848
3QM1 272 373 33 84.2140 14.7911 122.0358
3H84 17 362 88 97.0200 58.0635 151.4649
5MRC 419 453 156 128.0134 120.7289 314.7093
1QVR 168 201 51 61.5767 27.8132 269.9951
3QM1 91 248 55 127.3528 284.8576 33.3021
1S3X 291 372 96 104.7820 289.8617 102.9319
4CR2 20 479 47 81.1440 1.5222 177.0668
4V94_fixed 114 348 81 118.5708 130.9463 300.7568
5MRC 247 362 90 5.2155 88.5011 118.4469
1BXN 491 227 143 40.9355 134.3835 96.2944
2CG9 209 54 62 69.8255 354.7085 66.1477
1U6G 130 255 69 42.3576 172.6076 186.9631
3QM1 299 139 89 158.5180 233.2748 136.1978
4V94_fixed 115 157 87 50.1606 198.7859 252.6496
1QVR 434 352 117 71.9374 326.9450 69.7704
4V94_fixed 491 256 58 103.2606 101.2828 90.8308
1U6G 265 410 126 55.5632 79.9702 261.3039
3H84 496 383 132 87.3198 59.9628 317.5218
1U6G 449 313 15 66.6947 26.4559 110.9314
2CG9 502 243 83 39.2061 46.6344 241.4831
3H84 413 110 23 141.9499 99.9173 211.9789
3QM1 11 294 111 90.6845 86.0929 48.6462
1QVR 391 82 74 124.6657 358.7622 161.3377
1S3X 231 122 145 140.2928 91.1110 344.8584
1S3X 434 35 138 144.0131 175.1650 234.8312
1S3X 334 463 98 137.1119 223.5053 120.2834
3CF3 25 368 64 60.9680 226.4481 257.1642
3D2F 243 354 158 54.0907 226.2593 311.2460
4V94_fixed 45 414 127 87.0311 332.8161 296.4556
4V94_fixed 115 56 146 172.7717 197.8633 35.9478
2CG9 444 167 68 74.2454 251.3999 254.4201
4CR2 319 126 130 122.0296 174.7143 312.8181
3QM1 83 151 165 82.1928 78.3126 134.6561
5MRC 66 47 64 154.1208 20.3412 205.9715
1QVR 244 13 33 84.6623 18.1355 347.5695
1QVR 262 290 63 83.6106 195.1469 289.9313
3GL1 92 295 58 30.8477 305.0300 135.0833
4V94_fixed 405 291 131 90.3879 269.8532 280.0392
5MRC 135 65 77 25.9698 132.2733 180.4906
4CR2 451 206 147 89.2323 328.9823 107.5803
4V94_fixed 447 379 166 90.8165 297.5257 338.6861
5MRC 439 420 36 54.0440 347.5203 46.1026
3QM1 65 487 60 66.9587 79.4224 130.8077
5MRC 220 21 99 112.2307 329.4579 198.2924
2CG9 373 17 102 54.4959 291.5050 325.0985
1U6G 391 391 158 86.0051 104.7297 110.1305
3QM1 388 20 9 97.0448 139.9278 32.7753
5MRC 244 381 25 116.3121 65.7066 70.3791
3H84 82 420 160 56.6441 110.8772 291.5470
3QM1 118 390 31 142.3318 235.1200 300.9881
4V94_fixed 145 438 113 138.1060 119.2495 118.9856
5MRC 59 268 47 56.4410 72.3529 56.8103
1S3X 62 377 36 74.0417 88.6921 36.4862
3CF3 20 67 162 101.9218 239.6356 77.4714
4CR2 87 98 108 147.9894 219.4323 134.1622
1U6G 326 396 70 104.4880 100.1423 14.6323
1S3X 46 356 58 3.9143 88.3301 1.3254
4V94_fixed 75 474 167 101.5562 301.0788 24.4956
3D2F 208 63 127 70.6139 201.5447 78.7427
4V94_fixed 27 231 160 40.1253 307.8488 47.5944
2CG9 82 162 71 91.0049 153.9147 49.1753
3H84 98 434 53 101.8664 262.8707 210.0699
3QM1 132 111 154 150.1747 298.7828 177.1222
3GL1 199 30 143 14.8783 204.8112 232.9482
3CF3 264 43 74 92.0642 191.2303 357.7042
4CR2 293 285 82 15.6633 262.9424 177.9708
5MRC 187 308 107 80.4017 271.8804 70.4558
2CG9 62 51 30 47.0087 81.0651 22.5959
3D2F 142 207 69 99.3984 348.1218 308.9420
1BXN 444 120 23 103.4500 155.8081 358.8162
1QVR 237 254 131 102.1055 343.0239 268.2122
1S3X 403 170 14 12.0355 193.9311 107.0607
4CR2 177 334 106 34.8379 51.8547 230.4496
3H84 119 225 113 136.8114 33.8932 128.7884
3CF3 278 338 149 102.1050 225.3939 116.6387
1U6G 145 345 129 54.6419 214.8719 333.7622
5MRC 333 384 37 120.5902 324.8045 33.3952
5MRC 450 281 94 69.5928 341.0379 195.1802
3H84 16 313 79 69.2088 308.7470 294.9778
3D2F 260 487 48 99.5213 308.2176 136.7874
3H84 360 308 34 94.5118 198.8897 41.1184
3QM1 233 100 12 146.8374 121.4138 193.6345
3H84 481 267 83 120.8086 80.9200 277.8878
5MRC 414 79 127 133.7211 99.6321 175.4881
3H84 91 292 79 68.8928 329.3278 127.4904
5MRC 470 190 51 103.3411 193.2730 4.6135
5MRC 82 321 24 164.5530 219.4569 329.4855
3H84 463 328 62 18.0815 322.6882 348.1289
3QM1 174 305 56 76.9240 106.3320 75.2521
3H84 224 253 155 31.7347 139.2219 1.6497
3QM1 345 246 29 53.2611 60.6545 300.8210
4CR2 80 360 80 41.8161 317.8545 201.3718
5MRC 257 54 92 77.9420 14.1588 36.8800
1QVR 257 235 34 83.4562 92.1976 344.5941
5MRC 22 487 113 139.9313 127.6530 299.5579
3QM1 61 497 28 136.9504 256.4936 326.8406
2CG9 97 120 47 129.5795 142.8792 11.0992
1QVR 259 420 150 85.5359 23.7350 324.7598
1S3X 462 309 30 69.7681 57.0729 224.3822
4CR2 164 447 71 85.6941 221.1565 284.2270
1S3X 291 224 7 72.8003 272.4285 93.3007
3D2F 101 357 12 132.6637 84.9298 117.5908
4CR2 223 182 110 134.6626 34.2663 87.6232
3GL1 245 208 10 118.5566 149.2906 202.5394
1QVR 150 283 121 67.6528 292.6857 199.3146
4V94_fixed 362 386 52 88.3532 198.6389 232.3600
4V94_fixed 453 461 45 156.4561 295.1774 127.8591
3CF3 440 345 157 98.9846 35.4586 115.4606
3QM1 430 469 133 104.8425 98.4616 200.2392
1QVR 424 20 92 159.5292 194.4802 336.0879
1BXN 436 289 156 69.6998 75.8237 1.7520
2CG9 290 41 73 51.9058 215.0188 5.0310
2CG9 25 47 101 86.5760 160.0294 102.0818
3CF3 340 470 41 106.3346 72.6855 245.2871
4CR2 205 207 40 128.0808 162.4794 112.8565
3QM1 207 166 159 152.2569 127.9964 140.8769
1QVR 168 347 165 63.9648 41.7791 171.3862
1BXN 404 102 52 54.7538 338.5019 280.2719
1U6G 408 325 134 51.3497 161.7019 22.1697
1QVR 134 477 105 26.8759 333.4699 91.0653
1QVR 40 498 105 94.5216 105.4444 320.8124
5MRC 313 325 149 102.8011 235.2645 166.1417
3H84 260 250 88 81.5336 284.4959 232.0437
1S3X 432 202 86 31.7652 251.6790 68.4266
3D2F 248 15 155 79.9348 314.6761 263.8740
3GL1 431 380 54 68.5796 125.9294 320.5680
3H84 64 244 153 33.8631 131.6616 151.3277
1QVR 33 486 73 165.5077 144.1948 333.4341
3GL1 90 80 37 53.5399 114.0755 300.4310
4CR2 315 176 100 58.7377 57.7116 241.8314
4CR2 367 232 103 33.7986 92.3798 3.8272
1BXN 87 201 54 36.1826 334.2471 234.3269
4CR2 115 236 147 146.1993 200.1193 295.9477
3D2F 362 478 99 56.0448 321.3612 347.3440
3H84 110 45 168 56.9470 8.1020 287.7226
1QVR 422 478 165 41.4399 149.3342 345.1798
1S3X 137 93 172 18.4318 318.3718 262.6496
3GL1 174 297 50 166.0293 60.8792 34.4017
5MRC 199 379 73 102.4614 199.4914 197.5552
3CF3 304 53 53 144.0064 233.4053 332.2035
1U6G 284 288 12 124.5303 229.5781 177.5315
1S3X 335 105 96 149.2167 341.9781 307.8637
1BXN 215 396 70 68.6138 122.2700 142.9129
3H84 248 436 99 34.9676 301.9548 182.6311
3D2F 148 83 136 69.8144 130.2560 0.0698
1S3X 248 416 63 50.9857 188.3472 27.9498
1QVR 111 32 70 71.9445 122.9523 248.1435
1QVR 299 189 142 82.2089 90.7953 121.8863
3QM1 303 443 120 150.2280 287.7820 356.5802
3QM1 385 210 158 98.7951 76.4618 339.3290
3GL1 269 458 120 152.4898 200.9899 186.2711
3QM1 359 193 75 27.1986 248.8725 337.5127
2CG9 359 166 63 110.1933 340.9273 236.8026
1QVR 99 31 23 81.5610 334.8396 321.3078
3H84 400 400 33 26.8720 87.7818 192.9442
4V94_fixed 183 403 165 43.7999 190.3150 309.4194
4CR2 136 36 39 30.9912 216.2856 28.3998
3D2F 432 258 167 118.3414 53.3095 350.8663
3H84 101 453 129 111.0641 145.8220 11.5614
2CG9 196 158 136 119.1725 334.2023 105.8604
3QM1 216 439 8 70.9251 236.8858 185.7727
3CF3 50 292 162 111.7691 241.2306 95.6851
3QM1 405 107 115 89.0696 116.9941 346.9624
3CF3 50 89 104 82.8421 134.8675 26.1344
4CR2 45 478 102 83.4021 11.3491 321.4011
5MRC 129 207 24 66.7964 180.1033 158.0502
4CR2 387 252 52 34.0320 284.0804 29.2981
3GL1 433 330 136 110.9214 67.1984 56.3592
3H84 440 479 81 133.9676 341.3081 83.7936
4V94_fixed 474 157 15 20.9796 251.1843 12.8897
1S3X 317 258 65 125.4220 309.8970 320.5011
2CG9 344 452 95 131.9756 307.1499 299.6445
1BXN 58 52 93 91.8737 278.1780 225.3628
4V94_fixed 177 434 24 105.3390 10.5937 231.3644
1QVR 404 176 106 93.2088 63.8500 195.3309
3GL1 398 433 101 154.1889 133.6434 131.2628
4V94_fixed 347 240 105 77.4609 292.9881 131.6923
4V94_fixed 372 455 19 62.3663 301.2609 276.0707
3QM1 404 342 9 111.2938 307.5240 188.3675
3QM1 47 422 99 159.9335 322.1999 343.5770
1S3X 228 145 35 125.0232 250.8749 328.0510
3GL1 484 476 130 176.1329 71.0659 6.7781
2CG9 73 56 161 134.0660 18.8513 132.0762
3GL1 489 174 144 45.0664 41.3800 84.1323
3D2F 16 374 108 73.6695 348.1108 31.5560
3CF3 427 375 23 31.4866 289.1927 229.8900
1S3X 326 69 151 80.8938 67.0750 297.9312
3D2F 117 271 140 41.2165 61.0869 286.8255
4CR2 444 253 140 138.3224 6.7231 44.1532
5MRC 242 181 138 39.8119 337.7179 157.6485
1U6G 434 114 148 87.5975 135.1859 138.0056
4V94_fixed 233 228 159 47.1559 211.3199 236.2746
3GL1 174 217 166 16.5181 225.4928 278.7381
3QM1 476 121 97 57.2947 13.2860 260.9123
5MRC 51 368 130 5.4928 342.3528 302.6267
3H84 402 104 24 41.2976 179.4478 63.0070
1BXN 274 40 126 121.4766 126.0403 140.0270
3GL1 419 184 72 98.8427 191.2949 336.1144
3GL1 429 402 107 85.4530 333.1484 235.9435
4CR2 300 48 150 55.6270 257.2544 241.3783
4CR2 23 321 154 36.1343 321.7805 86.4380
3QM1 259 213 35 87.8298 221.6300 161.0194
4V94_fixed 20 475 17 62.7748 97.3181 145.3634
3GL1 431 72 152 64.1932 315.8250 45.1550
3QM1 9 38 92 54.7570 43.5275 329.8501
5MRC 151 444 136 31.6285 315.2266 334.3359
1QVR 195 95 22 127.5536 236.9304 256.5634
2CG9 343 443 56 70.0504 244.2969 320.4697
3H84 111 487 130 23.1556 217.7983 176.5334
1QVR 273 98 62 95.2460 40.4410 303.9555
3H84 370 436 119 154.8239 40.4764 239.1931
3GL1 160 176 166 110.3525 283.3814 168.1330
3QM1 114 311 117 48.1636 66.4721 358.6058
2CG9 31 68 44 73.3134 300.9129 3.0036
4V94_fixed 387 28 90 158.5318 249.7522 159.3667
4CR2 97 166 40 54.5525 238.7186 185.3159
4CR2 184 206 116 43.0988 305.9867 45.7838
4CR2 443 444 128 74.6215 332.4424 204.2278
3QM1 114 243 11 127.7166 127.3362 247.8203
2CG9 384 487 157 73.7999 94.5270 43.6056
4CR2 263 297 34 153.2610 239.4541 152.3344
3GL1 140 21 34 90.8037 176.0932 124.4733
1U6G 269 50 55 78.9680 22.7501 327.1536
4V94_fixed 160 176 30 47.1926 180.0977 117.8369
2CG9 347 483 120 73.1788 26.0031 330.5982
1QVR 136 362 60 84.5478 281.4018 14.7903
3CF3 110 263 100 105.8645 230.2782 256.9489
1BXN 362 346 23 55.7763 218.8318 70.2226
3GL1 328 363 22 42.2516 302.0886 190.5203
1QVR 289 273 125 96.9392 332.2188 104.5990
4V94_fixed 215 340 135 153.9095 199.7747 148.3424
3GL1 8 44 19 35.8490 12.2088 121.8841
4CR2 150 124 66 66.3049 95.5573 334.1924
1QVR 253 192 54 70.1527 68.6924 286.8078
4CR2 387 145 129 100.2924 279.1210 205.0083
3GL1 156 279 130 37.8449 223.6443 278.0238
3GL1 70 412 104 111.8646 169.6711 316.5086
1S3X 63 147 79 84.0546 277.6088 13.6606
1QVR 113 435 95 85.0975 36.5055 347.6530
2CG9 220 171 45 110.5005 62.7504 36.7041
2CG9 392 375 120 127.9094 56.4169 27.9584
3H84 192 174 163 101.3472 60.1302 353.8308
2CG9 112 328 126 129.7695 280.2644 318.1713
3QM1 391 20 117 54.5350 124.0702 330.3583
3QM1 208 94 10 14.0181 218.9803 8.9621
3H84 416 160 150 129.9260 155.7829 247.7766
1QVR 417 105 88 52.0445 90.4838 230.9255
3CF3 280 336 111 49.5097 93.8076 164.0905
1QVR 253 196 23 54.8168 14.1497 277.4286
4CR2 418 33 35 31.1896 144.5059 123.8206
3GL1 485 140 37 93.1873 186.1679 70.7547
1S3X 139 43 12 93.5709 115.3597 2.1331
5MRC 283 307 107 134.5024 114.5388 154.8505
3CF3 100 40 102 39.3435 55.6448 40.6801
3CF3 12 430 87 107.9020 177.7756 169.9369
1U6G 407 480 40 132.2337 30.6042 260.2342
1BXN 382 466 131 71.7381 177.0815 250.9419
3QM1 497 344 27 81.1745 250.8678 26.4666
4CR2 288 305 30 126.3037 298.8523 189.3649
3QM1 255 382 62 116.6803 173.7030 253.0278
3GL1 53 47 143 88.7872 138.1353 207.1466
1S3X 418 499 30 89.1025 11.9648 331.9628
4V94_fixed 491 105 128 118.1021 15.5615 235.9112
3GL1 12 440 114 107.9247 240.8518 168.8918
1U6G 222 326 24 138.3141 191.1381 1.6019
1BXN 238 260 18 89.5729 316.7861 275.0786
1S3X 149 437 97 52.3088 147.6317 145.7490
1S3X 339 146 76 27.3133 69.3804 237.1865
3CF3 202 466 55 35.3845 250.1955 106.3777
3GL1 283 336 37 31.7162 254.0789 274.5993
3QM1 391 157 37 138.7919 317.3976 61.1507
3H84 411 372 153 149.9892 121.9419 150.9428
1BXN 445 100 98 104.7270 80.0874 63.3825
3D2F 221 101 130 70.3431 191.1713 61.2423
4V94_fixed 214 336 15 132.2376 104.9448 347.4778
3D2F 391 253 131 101.7523 4.7715 119.7843
1QVR 61 189 121 75.0694 261.0744 265.1177
2CG9 362 319 27 112.3471 141.5240 211.0395
1BXN 212 367 121 115.0735 82.8719 59.4982
3QM1 354 31 112 105.5602 272.9711 221.7414
3H84 40 365 112 65.8793 341.7772 47.4107
1QVR 222 467 148 129.2079 39.9406 351.1606
1QVR 151 273 29 39.5719 97.8376 245.7799
1S3X 348 304 44 135.7794 292.9730 49.5273
1U6G 337 142 99 35.8480 151.7789 303.4091
1QVR 187 186 74 85.3788 346.7973 3.4072
1U6G 78 360 23 107.2730 149.8714 253.5458
4CR2 228 421 76 158.5381 4.1651 190.7371
1U6G 128 175 47 73.8342 239.3365 240.8041
5MRC 425 19 145 26.0012 199.3533 241.9612
4CR2 40 23 66 117.5594 54.3853 313.3134
5MRC 385 352 142 41.6381 108.6276 209.3051
3QM1 292 114 154 110.2563 152.4647 207.6121
5MRC 185 410 107 95.2181 214.8958 143.1673
3D2F 182 459 92 29.5644 113.7923 95.8319
1U6G 320 117 96 66.7545 278.8877 246.2423
3D2F 141 355 78 19.0796 58.2435 60.0435
2CG9 399 192 113 50.4093 92.6532 28.3051
3GL1 344 182 145 155.0926 304.2760 25.9763
1S3X 7 314 16 87.4776 170.1115 318.9058
3QM1 419 20 115 94.5573 274.7306 236.0791
3H84 257 102 93 145.4390 339.8717 71.3919
3QM1 346 104 39 16.2806 259.1996 353.7501
4V94_fixed 237 111 60 78.8768 244.7945 2.0462
3GL1 227 28 59 93.5133 359.0647 18.6214
3H84 184 358 134 107.8266 176.3984 206.5817
3CF3 222 127 51 56.9341 93.4885 339.0163
3H84 52 20 82 88.7779 229.0624 329.2603
3QM1 145 357 12 82.2994 110.1305 289.8092
5MRC 483 81 51 140.8477 344.3131 290.3691
3CF3 338 355 61 28.1161 174.9529 199.7528
3GL1 130 209 75 40.5976 218.2105 265.4065
3QM1 28 186 159 18.7485 200.4450 156.5589
3CF3 373 34 151 158.5949 177.9973 211.1599
5MRC 34 319 128 101.5384 243.9003 244.8010
3GL1 432 346 89 117.5777 174.2838 58.9360
3H84 432 277 107 88.6565 60.6905 149.9097
3CF3 465 359 95 93.2803 286.8209 112.3650
1U6G 111 219 128 123.9446 281.2195 204.8868
3GL1 457 226 93 141.7176 54.3429 296.7861
1S3X 364 162 142 91.7715 185.3445 80.0231
1U6G 110 25 51 103.1253 347.4840 14.6220
1U6G 316 22 119 163.6735 166.8679 138.4239
3D2F 81 170 96 50.6126 61.3460 248.8549
5MRC 56 329 152 32.9660 72.3891 280.5256
4V94_fixed 213 95 91 123.9568 4.8298 187.6396
2CG9 288 484 88 116.7454 281.8827 176.1808
1S3X 428 347 26 76.8030 348.4523 198.4277
3H84 173 461 63 83.7503 117.7771 61.3624
1S3X 33 439 66 69.6025 330.8529 155.1038
1QVR 75 331 133 55.0553 60.0524 205.6144
5MRC 182 343 69 146.9933 243.4034 343.7731
1U6G 425 274 132 76.8439 251.2544 146.9427
4CR2 30 397 105 36.9670 211.6550 148.3027
3QM1 108 439 105 78.3129 256.9255 281.7176
3QM1 465 357 127 161.9670 214.0893 276.8977
1QVR 337 365 112 122.6781 40.9609 129.8766
3CF3 256 267 151 78.2328 63.3242 55.5733
1BXN 248 374 156 27.9745 20.8900 137.0804
1QVR 68 341 36 72.0579 83.6867 256.3266
4CR2 406 428 19 32.3187 204.1613 16.6682
4V94_fixed 59 243 13 80.3326 30.0823 300.3663
1U6G 346 54 167 27.0992 94.9709 27.9424
3D2F 191 306 50 130.8788 230.8355 354.8714
1BXN 462 206 164 112.0521 172.5247 208.3742
2CG9 271 267 164 76.2100 152.6773 169.1590
1BXN 430 130 27 91.7938 262.2888 226.6375
3H84 177 76 75 119.3724 287.5495 223.1560
1U6G 57 164 37 54.5221 201.6465 185.7779
1BXN 158 402 13 114.8730 272.3581 205.7503
3CF3 248 215 42 81.9261 225.9289 107.5538
3GL1 324 501 121 54.0627 344.3514 307.0456
2CG9 252 44 158 22.2702 38.2511 109.6905
1QVR 169 311 45 119.8955 291.6638 243.0304
1U6G 184 346 37 74.3879 100.5180 8.9471
3D2F 85 50 30 89.7788 57.7280 209.5753
4V94_fixed 332 49 95 77.3235 305.6190 334.0920
1QVR 438 266 17 116.1258 140.9962 37.5110
5MRC 361 84 107 26.7406 115.2898 176.0241
1BXN 383 218 150 33.9523 321.1226 192.8824
3H84 72 263 98 119.3540 148.8666 298.7573
3GL1 298 368 70 62.2097 237.9182 130.8897
3GL1 355 293 103 68.3616 222.9100 61.1617
1QVR 415 396 110 24.4269 238.2862 89.3861
2CG9 286 39 170 67.2475 147.2852 135.7073
4CR2 195 245 32 134.4455 72.6042 359.1978
1S3X 447 471 135 139.2717 7.8150 128.7641
1QVR 68 117 113 16.0232 94.5566 34.2303
1QVR 40 279 133 79.2032 226.7414 33.9802
1QVR 293 351 75 103.1379 158.6254 173.9437
5MRC 81 454 84 99.4716 121.7893 21.2792
3QM1 364 137 158 87.8093 286.1705 52.8231
2CG9 199 132 87 65.5862 114.4462 80.5460
3QM1 337 492 93 98.0125 137.1042 227.6231
2CG9 451 229 109 32.3449 295.2111 348.8560
3QM1 450 204 43 76.0158 174.4578 295.7755
3D2F 386 463 50 63.1878 174.6277 50.8597
3QM1 254 245 166 90.4809 15.8129 235.1721
1S3X 211 55 100 73.2657 11.4282 249.5558
1S3X 100 348 170 116.2063 77.7475 233.9262
1QVR 437 449 58 96.3353 69.7378 220.7693
1BXN 179 112 94 62.2355 16.1543 329.5636
3QM1 298 193 93 96.4130 160.1763 60.0253
1BXN 104 54 13 36.4040 290.0005 176.5646
1S3X 411 378 131 160.1456 217.5926 336.1491
5MRC 129 294 27 117.1378 140.2988 345.0683
1QVR 72 395 73 123.0365 38.6365 130.9700
4CR2 47 126 103 113.4822 320.6190 147.4320
5MRC 33 106 26 35.6720 308.7704 144.9593
3GL1 115 468 103 115.3120 297.7411 17.0324
3H84 167 174 57 102.8071 350.7025 190.0745
4CR2 306 364 110 91.8190 210.5775 191.2959
1BXN 388 76 154 143.8463 252.4839 339.2926
1S3X 277 144 143 43.5472 253.8917 71.5222
4V94_fixed 105 477 32 142.0851 57.0882 128.5231
3GL1 138 219 67 134.5605 50.0612 79.4639
3GL1 43 427 170 129.9439 314.2947 42.8524
1QVR 416 20 70 62.8488 109.8869 292.3245
3H84 458 31 52 105.1441 24.0274 247.1435
1QVR 27 233 38 80.6926 199.9547 174.0655
5MRC 404 230 68 108.8551 310.3168 214.4325
3GL1 390 144 36 116.7454 69.0019 46.5109
3QM1 408 404 7 135.2477 132.1522 158.0280
1QVR 225 179 17 81.1147 63.9620 203.0089
2CG9 30 325 15 76.4295 272.2445 53.5464
3D2F 325 215 25 121.5941 66.0136 192.8518
3CF3 180 157 46 164.9609 181.5619 325.0177
1S3X 209 170 46 93.0097 16.5595 115.9282
3CF3 180 128 12 139.1598 355.6648 150.5190
3GL1 218 468 13 99.2711 100.6640 326.3875
1S3X 198 123 116 92.8486 104.6153 88.3371
1S3X 286 271 69 149.9127 276.2105 144.5553
4CR2 331 345 45 133.7285 58.6706 221.1847
1S3X 382 273 148 43.9886 203.2314 258.7470
4CR2 193 212 82 86.6136 133.2981 16.9999
5MRC 415 128 160 119.2348 328.3841 313.1032
3GL1 410 40 171 63.0615 93.3636 104.6274
1U6G 426 481 119 104.2256 258.5313 88.2829
4CR2 64 19 21 102.5008 119.4515 233.1248
3GL1 105 209 13 96.1048 183.2082 56.6140
3GL1 355 47 94 74.0917 112.4140 203.1699
3D2F 191 50 165 30.3984 152.4148 356.6028
3CF3 155 368 125 85.2681 40.1938 189.1523
5MRC 256 352 136 124.0553 331.6474 206.4245
2CG9 426 121 44 88.0744 324.8155 281.1886
1QVR 240 92 77 13.0636 112.9888 234.2250
3H84 370 395 99 157.3621 343.5316 264.1461
1S3X 153 156 117 166.0299 50.9176 25.0009
4CR2 88 301 157 91.4127 115.4689 102.6896
1BXN 138 260 18 117.7734 22.2683 263.2902
2CG9 46 265 13 119.2144 122.1550 85.6318
1U6G 307 350 34 82.0560 98.2202 7.3462
4V94_fixed 212 499 153 166.9908 247.0414 15.9552
4CR2 142 346 114 101.3359 43.0630 24.6361
1S3X 201 151 93 63.7627 17.6687 150.9762
4CR2 324 168 124 122.7849 222.7377 139.6868
1U6G 257 325 22 54.5510 142.1797 353.0509
1S3X 286 477 12 106.2924 211.2927 74.9642
1QVR 98 50 62 93.3505 359.2119 178.8769
1QVR 385 137 73 146.9316 242.4724 91.4367
5MRC 36 62 120 102.0560 93.4017 282.3973
1QVR 67 430 58 69.9626 72.8697 109.3896
5MRC 221 301 123 178.5189 282.6319 175.7348
4V94_fixed 383 67 89 83.6403 285.3541 254.6891
4CR2 119 259 76 139.8423 308.2426 119.0684
5MRC 286 480 124 99.1414 84.5212 294.3266
1BXN 473 31 152 52.7248 155.1291 49.2431
5MRC 241 457 94 95.3215 301.6024 122.4736
3H84 72 56 45 101.3717 297.0853 52.8358
3D2F 315 294 143 121.8080 111.1854 209.0581
1QVR 418 245 159 117.6691 21.0015 19.8369
3D2F 281 451 112 69.5570 106.8318 212.5575
4V94_fixed 63 456 135 22.9562 318.8897 263.8469
1QVR 50 468 115 70.2492 125.4777 70.7215
2CG9 233 255 77 134.6128 37.6300 178.8693
3H84 280 315 60 32.9624 22.3430 329.2026
3H84 50 101 150 153.5603 223.4107 178.3130
1QVR 315 209 127 73.3900 209.6310 319.3835
2CG9 437 132 165 34.0530 317.0177 290.2088
1QVR 396 237 148 59.6728 312.1206 351.4064
1U6G 433 296 142 86.3754 335.4601 118.5346
3QM1 226 176 30 66.4742 238.2068 350.0490
2CG9 139 389 80 16.0005 336.1175 311.5483
1BXN 118 499 151 59.0003 100.5261 119.3002
1S3X 435 16 92 83.7150 356.6308 218.5687
2CG9 300 28 88 139.4323 53.2840 213.9450
3D2F 406 100 74 108.6543 163.8189 131.7831
4CR2 442 108 128 107.6369 287.7277 272.3492
3CF3 12 106 61 89.8548 30.4084 84.6637
2CG9 232 403 33 112.1319 125.3510 239.6991
1BXN 371 323 55 38.8872 40.2338 71.1348
3QM1 295 70 74 89.2712 327.8826 272.9833
3CF3 460 12 165 63.0248 41.5635 340.0656
1S3X 127 157 171 99.8210 44.4982 200.6499
5MRC 214 160 76 66.6178 207.4468 302.9129
1U6G 252 277 38 77.4524 210.7586 72.4289
4V94_fixed 471 90 70 119.7478 85.4431 313.9696
2CG9 500 225 35 51.5586 238.2753 92.9667
3CF3 43 184 44 71.5378 158.5539 51.1353
5MRC 72 310 67 132.1492 63.6250 290.7088
5MRC 69 430 127 101.4494 301.7260 99.8248
3D2F 328 195 67 75.8545 210.5047 210.5863
2CG9 501 14 159 71.8169 201.1972 188.3965
4V94_fixed 461 481 22 151.5921 17.7892 209.2204
2CG9 168 310 29 50.6234 248.5290 180.1601
3GL1 105 142 150 73.6570 343.2718 279.2029
2CG9 235 430 42 120.9555 209.6416 63.1536
2CG9 48 408 156 28.0670 95.2021 291.5461
3CF3 219 25 41 75.8042 145.2063 287.6547
3QM1 124 47 150 125.3837 263.3486 14.6758
1QVR 157 420 95 37.9372 149.1110 28.1790
1QVR 456 436 48 116.6792 63.1316 312.2015
3GL1 184 348 114 73.5236 261.0365 254.4423
5MRC 98 175 142 88.7718 12.9352 238.9371
4V94_fixed 305 415 122 103.5326 93.9006 135.1640
2CG9 497 232 56 128.1120 174.2245 117.8766
1U6G 380 44 116 114.3420 231.6620 271.1894
1S3X 422 118 101 65.6230 315.7775 74.7823
1BXN 472 271 60 54.3992 35.3708 359.0289
3CF3 412 42 14 94.9299 331.9558 225.6953
1S3X 445 196 102 84.4023 291.9019 333.2732
1U6G 214 129 108 103.7244 40.3363 248.3791
4CR2 466 189 18 14.7265 216.1041 13.7793
4V94_fixed 386 74 56 90.2027 327.2921 273.7427
3D2F 451 285 116 115.7484 183.0534 234.1947
3QM1 25 306 59 75.4385 349.6953 342.9526
1U6G 492 469 35 47.3634 214.6438 194.2629
3D2F 318 254 141 158.1495 184.3273 258.1984
1BXN 326 61 114 56.3498 130.5186 339.0821
3D2F 368 153 39 52.6889 186.0313 322.1612
2CG9 485 25 155 80.5881 307.0283 341.5484
3H84 150 158 47 114.7167 105.0304 15.0795
1QVR 433 432 57 115.2817 138.6495 345.1470
4CR2 29 421 75 112.8653 153.0034 349.7351
3D2F 50 370 74 126.2327 84.9469 115.6201
1S3X 126 67 136 56.1206 50.9435 126.3454
2CG9 397 366 166 41.9908 185.3333 19.4537
1BXN 308 460 19 137.2641 256.4164 283.6299
4V94_fixed 89 238 114 31.5901 287.9487 126.4361
1U6G 438 112 37 138.0533 65.7221 180.2425
3CF3 140 411 168 117.7618 170.4634 321.9742
4CR2 464 421 146 165.0752 62.9884 132.3578
3CF3 343 17 83 134.9916 174.9368 24.7410
5MRC 88 345 157 94.4580 114.6342 247.0653
3GL1 326 406 150 130.6640 107.9496 312.7636
2CG9 262 484 14 73.8861 336.7899 22.2767
2CG9 51 300 120 64.3986 93.7793 67.0449
1U6G 261 315 108 29.3658 8.9855 285.9937
3GL1 73 183 71 69.5906 157.0668 138.3534
5MRC 236 339 134 126.5012 268.7089 58.8990
3H84 89 231 14 107.9786 203.7250 52.4529
4V94_fixed 218 224 110 123.6297 215.6223 35.1940
3CF3 407 159 94 135.4554 244.3602 253.3355
4V94_fixed 147 260 73 35.3782 61.9680 342.1853
1S3X 365 393 152 75.1133 210.6272 119.4275
3GL1 220 284 78 76.2399 54.3774 306.9087
3H84 292 400 48 119.5892 14.8331 277.0962
2CG9 206 455 120 12.7898 265.6802 150.2218
3H84 267 435 23 88.8290 233.2965 104.8288
1U6G 474 359 134 67.3284 59.4496 287.0053
5MRC 129 243 107 144.2896 99.7334 342.8392
4V94_fixed 69 361 41 95.9796 254.7241 228.4387
1QVR 205 68 25 61.3896 281.0048 249.4054
3QM1 382 284 90 91.5330 308.1813 36.7085
1BXN 290 304 78 87.2936 339.6210 157.1293
3H84 325 234 135 179.0354 115.2511 291.4733
3GL1 230 297 61 96.3190 240.2870 50.6138
3CF3 254 481 109 114.9573 72.4274 21.6966
3QM1 262 194 67 36.2735 166.2081 227.7787
4CR2 212 208 127 58.1974 50.4656 340.9464
1QVR 181 209 151 120.2618 209.9532 341.3266
4V94_fixed 251 264 74 131.8176 269.1145 91.0173
5MRC 35 440 133 16.5946 43.9256 319.4217
3D2F 148 113 107 8.8567 196.6723 52.2773
1BXN 57 245 90 135.5265 290.7408 110.0665
1BXN 139 294 142 39.6037 110.8723 117.4990
3H84 413 458 46 87.0463 333.9637 82.5200
5MRC 219 77 113 103.4565 72.1108 272.4165
3CF3 262 401 25 134.5683 227.7721 48.9887
1QVR 197 285 116 104.5122 102.7291 112.7177
3H84 464 465 115 98.2899 195.9016 308.6387
3CF3 168 45 126 127.1817 25.0235 193.3152
4CR2 353 255 69 146.3088 231.7584 273.5770
3CF3 250 284 82 44.9070 29.6444 352.9632
1U6G 204 301 138 80.7899 341.6327 350.1973
1U6G 132 395 120 75.7420 120.1521 46.7074
1S3X 402 236 84 14.1870 239.6981 234.5203
1U6G 491 223 102 55.7013 56.8208 18.2493
4V94_fixed 352 141 21 82.5432 164.7131 150.8627
2CG9 114 377 164 69.1184 356.9995 48.7647
1QVR 66 472 30 121.5710 236.4361 261.5601
1U6G 404 122 119 80.1831 229.5989 138.2846
4V94_fixed 388 97 21 86.1235 270.5255 64.5805
1S3X 204 460 16 123.6946 202.7902 120.2033
4CR2 325 35 147 98.9744 298.2850 276.5096
1U6G 157 225 137 29.4555 87.5156 339.6349
1BXN 394 232 109 51.0921 321.8594 296.5430
4CR2 464 157 85 5.1524 183.2135 176.1476
5MRC 317 252 111 84.8721 126.2709 207.6840
5MRC 238 82 145 51.2428 314.8386 193.7045
3QM1 137 418 10 72.5959 341.0753 30.2652
3GL1 19 316 68 107.5418 160.3212 2.8591
3D2F 195 147 21 29.0314 351.0314 354.7520
3QM1 180 156 67 36.6349 318.6261 142.8378
3CF3 42 478 37 95.1236 100.2994 274.1707
1BXN 471 353 15 132.0269 4.9614 213.2849
5MRC 491 138 139 78.7244 257.6998 292.9623
3CF3 46 74 96 99.3045 29.8934 207.1770
5MRC 96 451 34 40.2425 119.3635 240.6770
1BXN 501 429 151 101.1428 291.0863 152.2260
3GL1 203 152 43 84.0224 98.6013 85.5999
1S3X 21 501 136 89.3535 43.2280 295.7616
2CG9 41 174 162 129.9960 259.1221 279.7543
3H84 207 180 93 24.5369 254.9060 66.1841
3CF3 198 157 118 97.7461 303.4501 305.5978
1U6G 477 427 50 77.5246 266.5143 233.0889
1QVR 271 65 145 140.5428 53.8678 3.8374
1QVR 485 156 120 129.8821 97.9823 237.8447
4CR2 33 26 120 96.4018 23.6442 30.8583
3CF3 119 381 15 95.4851 255.1533 197.8310
1S3X 386 11 102 115.0164 337.7617 273.3451
3CF3 385 283 131 152.0309 9.4659 103.6694
1U6G 226 361 101 54.8448 196.4070 265.3346
1U6G 122 369 96 118.2154 172.6203 250.0577
1QVR 58 79 142 75.2313 342.2735 85.1400
1S3X 452 416 137 94.6880 68.9482 193.7529
4V94_fixed 135 452 77 117.9878 136.7024 135.2560
3GL1 396 105 110 143.3703 14.8489 114.5922
4V94_fixed 133 412 48 141.7171 179.6838 325.6322
1U6G 15 232 95 13.6751 100.1301 89.4390
2CG9 354 90 37 92.0154 206.6643 64.9253
2CG9 60 61 103 86.8694 102.7448 310.1278
1S3X 428 343 15 72.5363 224.3501 332.2213
3D2F 189 183 135 143.5431 231.9265 151.0059
5MRC 51 188 92 115.5391 0.4891 113.2198
4CR2 407 393 148 138.2746 129.0846 350.1811
1U6G 90 181 116 113.3511 98.7352 205.5075
4V94_fixed 411 206 48 127.2839 347.2113 270.7788
5MRC 136 458 49 106.3702 212.0120 99.3800
4V94_fixed 282 46 31 66.8163 259.9251 160.1151
2CG9 445 130 57 107.8877 259.0463 105.5508
5MRC 193 369 28 53.6739 152.3709 93.9845
1BXN 285 275 109 72.5304 81.9676 347.4961
3QM1 340 241 93 78.9341 193.0640 170.1502
3D2F 178 445 45 138.7009 272.2899 209.2245
3CF3 22 485 148 101.5096 0.3221 273.2143
5MRC 170 285 160 110.3130 358.6352 353.8215
3CF3 395 465 73 42.8226 115.4536 5.8405
1U6G 128 90 163 152.8461 118.1393 279.4355
5MRC 466 451 76 143.2676 33.1343 87.9462
3QM1 305 174 89 158.3371 109.5283 292.2132
3CF3 387 98 64 80.1784 214.7368 97.4811
2CG9 416 328 29 51.0617 42.5317 201.2435
1QVR 26 55 75 50.6796 43.5410 30.8913
5MRC 153 238 73 156.5239 225.7430 261.8473
3GL1 177 483 21 51.3444 149.0814 358.2974
1QVR 226 16 62 68.8411 107.9030 33.8998
3D2F 58 118 86 80.4744 153.5817 334.4470
1QVR 17 47 119 29.2428 79.9094 340.4503
3H84 189 308 136 127.3194 145.5354 318.6623
1U6G 243 336 99 38.8348 244.5486 91.0934
2CG9 394 311 168 101.6044 294.7563 113.2342
3H84 219 233 13 56.3135 290.7227 136.8295
5MRC 162 371 99 166.9898 99.9044 189.2612
3QM1 387 323 140 52.5979 273.8172 166.4790
5MRC 221 342 80 88.1873 222.4274 135.3850
3D2F 120 170 121 86.8962 309.2050 35.4382
4CR2 60 282 122 168.3005 342.1265 158.9471
1BXN 478 487 142 116.7708 288.1117 42.8137
3QM1 85 422 35 107.8908 85.1868 121.7080
1U6G 426 339 111 63.4277 261.6334 244.7703
1QVR 102 253 128 48.6803 328.9834 269.0400
1U6G 148 127 33 89.2065 247.2953 266.2040
1U6G 348 220 159 130.5022 193.3769 180.2029
1S3X 239 39 90 72.3797 255.0184 233.6155
1QVR 266 41 30 129.0689 334.3311 221.1983
2CG9 313 469 99 78.6462 215.2388 49.5491
2CG9 214 201 12 55.9422 106.1337 269.3758
1BXN 315 373 155 30.6334 295.5741 338.7723
4CR2 326 482 29 140.8054 206.6194 295.7898
3D2F 49 35 32 78.3547 72.0441 229.7659
1BXN 426 334 168 174.4556 283.8579 279.5491
4CR2 493 253 107 45.4001 161.8194 115.0474
3CF3 60 292 59 163.9567 9.2554 311.8160
5MRC 345 109 112 116.4407 333.7874 206.7276
3CF3 474 255 150 91.5522 110.4095 167.9513
3H84 31 72 70 160.3214 208.0307 305.9641
3D2F 68 499 27 88.6864 142.6239 327.9116
4CR2 383 408 95 104.3924 273.4996 328.0021
1S3X 145 218 71 26.3493 124.7829 274.4610
5MRC 159 380 27 108.9305 72.1035 112.7806
3H84 440 66 100 157.0011 209.2223 278.0805
3QM1 181 361 95 76.3606 203.6127 221.7120
1BXN 303 474 11 42.6139 205.5044 291.8091
1QVR 482 287 71 151.1796 67.1786 175.5243
3D2F 371 191 113 101.2358 239.3991 282.4358
3H84 97 342 38 71.3839 85.9844 283.1730
5MRC 231 280 58 136.1949 115.3842 167.7271
3D2F 22 386 132 114.2050 119.9955 34.9861
1U6G 445 87 116 104.0494 188.8247 294.3021
3QM1 305 88 124 41.4134 213.9835 49.8702
1QVR 460 158 32 110.4028 65.4307 206.0436
1BXN 312 149 57 41.3624 121.5253 175.0621
3QM1 120 387 43 97.9568 62.8077 5.0027
3CF3 204 139 113 113.8884 74.8348 60.7299
3D2F 165 320 20 118.3482 132.5931 182.3770
3D2F 470 249 87 94.8936 283.3703 48.5582
4V94_fixed 284 429 133 37.1536 306.3510 198.0290
3CF3 375 320 160 128.6741 174.4636 314.8024
3D2F 454 130 82 92.9633 75.3774 3.1068
5MRC 356 89 71 60.5143 275.9632 307.6870
3D2F 446 331 90 52.9068 10.5670 83.7091
3H84 499 119 163 56.0497 251.4549 175.9143
3H84 233 203 107 83.0458 89.1050 136.1536
1BXN 425 229 170 50.7010 257.0596 240.7978
5MRC 147 38 86 29.8158 291.8866 201.5428
1U6G 271 58 112 99.5159 300.6558 332.2984
3QM1 144 379 143 160.8881 237.5536 5.9841
3CF3 474 373 97 153.5892 336.4370 129.3535
1U6G 124 77 110 52.0390 73.8750 52.8724
4CR2 397 294 102 106.7078 70.5819 109.5326
1QVR 113 35 144 73.2215 343.6792 128.8973
4CR2 390 390 107 126.2642 77.0083 43.4369
1QVR 287 373 121 108.0317 38.4446 256.0937
1U6G 399 160 53 76.0819 162.6736 4.7203
3H84 62 346 17 145.0539 315.6686 321.8092
5MRC 197 240 134 99.2684 139.3260 324.8951
3GL1 345 80 98 32.9540 0.1634 239.6773
3H84 305 155 79 110.9702 15.5314 91.6603
1S3X 351 325 81 55.9905 358.3990 298.9257
1S3X 468 38 133 96.8684 163.1407 228.8248
3QM1 249 64 74 73.7654 242.5632 162.4193
4V94_fixed 444 469 63 130.6869 192.1673 114.8133
4V94_fixed 468 139 60 58.5748 37.5588 278.0607
3D2F 35 286 86 70.1113 54.3246 189.1624
2CG9 377 115 16 93.8682 70.5420 330.7123
3GL1 308 198 122 106.0672 10.0026 204.2816
1U6G 338 178 108 118.1979 271.1405 270.7020
2CG9 471 418 34 149.6304 67.5243 223.6840
3QM1 454 485 68 13.7666 129.1258 166.4024
3H84 212 274 135 120.5854 23.1209 265.1559
1U6G 32 135 20 131.3363 69.2169 35.7822
1BXN 303 329 75 88.6368 19.3680 339.2668
3GL1 258 359 67 89.0622 98.8811 149.7257
3H84 238 88 94 161.5630 190.7294 341.7748
3QM1 436 369 86 59.7257 214.1175 145.0736
3D2F 77 205 81 60.2279 141.0057 279.2962
4V94_fixed 449 25 18 45.0911 89.7154 322.2729
3CF3 132 126 109 69.6635 69.4318 68.6814
4V94_fixed 440 29 114 94.2025 202.7414 86.1167
3H84 393 169 97 99.3615 275.1412 44.6250
2CG9 331 368 141 64.1974 310.8259 293.4704
3CF3 19 433 25 40.7809 181.5230 345.4340
1U6G 366 165 12 139.6767 223.9828 185.6023
4CR2 324 321 94 106.5777 291.1904 39.1533
3GL1 102 190 110 103.1475 205.2854 40.4944
2CG9 360 154 127 34.6404 191.7856 202.6245
1QVR 36 385 81 59.7794 300.9555 194.3740
5MRC 362 143 77 144.5654 284.5066 317.6325
3H84 466 410 165 44.3711 207.4747 96.1452
3D2F 196 117 22 72.8032 335.9802 120.5402
3D2F 490 128 99 97.8199 327.4151 203.3639
2CG9 228 480 169 65.3377 154.1079 128.7129
5MRC 386 145 101 138.9492 318.0584 200.0468
4V94_fixed 38 36 157 118.1362 196.6326 156.5562
1S3X 231 339 106 89.4263 337.9737 289.5701
3D2F 25 30 104 31.8695 146.7021 100.9924
2CG9 74 433 96 81.0648 350.7802 132.6258
2CG9 106 16 89 119.9241 182.2899 321.9621
4CR2 69 291 29 105.7788 171.0551 196.1845
5MRC 474 79 105 88.9747 105.4639 65.5985
3H84 139 488 81 85.3908 117.1672 158.3637
1QVR 291 22 115 121.1225 130.2347 330.6299
4V94_fixed 97 472 108 81.7633 133.3356 237.8187
4V94_fixed 366 257 91 23.9352 179.2943 184.1211
3H84 268 233 57 146.9863 30.5647 226.4033
3H84 295 445 102 142.3307 222.4182 203.3174
1U6G 62 330 104 48.0930 64.0731 75.7974
1U6G 328 36 111 12.2068 131.0752 130.4002
1U6G 28 235 22 56.3517 305.5436 317.4598
5MRC 61 121 131 108.9635 5.2307 92.1782
3CF3 153 237 99 32.6599 216.1802 115.3914
1QVR 432 173 81 58.5117 135.2194 45.9701
3D2F 84 391 155 132.7386 177.7113 115.5416
3D2F 424 452 136 64.8820 209.1107 81.6144
4CR2 301 389 67 111.4496 126.6441 339.3550
4V94_fixed 306 174 136 60.8466 29.3102 315.8206
3CF3 254 148 115 145.4248 122.3163 246.6499
1S3X 64 32 52 31.1245 53.2853 66.7896
1S3X 119 443 64 147.4585 266.8874 68.7054
3H84 325 483 146 165.4963 197.8280 321.4484
4V94_fixed 432 296 105 56.5606 214.7188 223.8229
1BXN 441 388 113 31.2455 338.6031 222.6797
3D2F 356 331 110 41.3337 329.2450 251.4813
1S3X 249 376 141 36.5086 259.2806 195.4093
2CG9 151 20 33 93.6667 105.4387 93.1658
1U6G 439 417 16 129.9185 263.9691 290.8583
1S3X 174 301 128 19.0057 350.3507 129.0791
1QVR 495 78 112 50.2804 229.9300 151.5909
3D2F 140 447 153 37.1312 161.1620 353.2239
1S3X 410 195 100 13.9335 82.4352 72.9704
3GL1 307 465 131 52.2486 111.3007 12.2276
1S3X 321 320 133 20.1272 288.3126 214.9473
3D2F 286 246 17 24.7141 290.9809 25.4376
3H84 409 356 168 53.4047 326.2548 51.4479
3D2F 115 440 143 138.3877 194.3419 122.6244
1U6G 430 480 43 107.6908 57.0155 320.2810
3CF3 181 489 56 80.7443 190.0487 330.2490
4CR2 57 237 41 25.8724 282.1981 246.6630
3H84 335 136 131 105.9773 254.1705 198.5107
5MRC 480 281 119 163.1491 284.8645 125.0332
5MRC 148 481 28 58.5364 266.5571 138.4898
1QVR 284 453 78 151.8944 13.4509 180.1529
4V94_fixed 452 269 63 100.9994 240.4863 124.2336
1QVR 70 182 42 118.9118 299.1133 223.4585
3H84 339 427 11 46.0432 252.8475 50.1711
3GL1 109 348 142 138.7050 110.1751 349.3057
4CR2 477 91 17 64.4240 172.2616 112.8942
3QM1 235 36 121 156.8000 214.2096 303.1285
3D2F 209 287 23 145.2121 317.2552 76.5076
5MRC 339 450 135 171.1780 127.8822 17.4555
1QVR 197 40 150 64.4780 264.6888 84.7626
1U6G 231 496 107 77.5767 96.9785 98.6862
2CG9 136 489 69 112.0112 339.9747 203.9948
1BXN 11 182 135 148.7010 159.6662 66.8844
3CF3 301 84 77 81.3227 163.8371 79.5868
3CF3 225 216 143 56.7278 121.4839 208.9044
1U6G 334 137 20 65.6681 247.2326 333.6910
4V94_fixed 155 479 56 47.9102 278.7008 178.9556
1BXN 101 227 89 103.9700 74.0621 340.3110
1QVR 229 342 55 119.1026 131.1797 19.9076
3QM1 217 260 147 147.5043 225.4628 64.7685
1S3X 374 475 157 136.4339 290.9243 42.4127
1QVR 315 396 13 53.8582 120.1460 72.6078
2CG9 402 127 86 71.6217 201.3691 302.9382
1U6G 177 81 111 62.6077 199.0999 4.8102
3D2F 264 349 82 125.2289 150.6791 284.1688
3D2F 371 56 13 59.7030 119.9316 331.3935
1QVR 309 497 25 42.6322 328.6744 226.1149
4CR2 354 277 102 121.0622 46.8652 268.7659
4V94_fixed 466 341 28 99.1391 92.9459 164.1524
3D2F 423 368 143 9.1942 57.2839 239.8364
1S3X 187 440 69 45.2633 68.9938 351.1183
3D2F 338 149 159 104.5428 119.6536 219.1370
1BXN 212 190 166 122.6132 79.9999 313.1853
1S3X 482 481 23 59.9881 250.0494 17.6149
3H84 110 54 113 123.9690 61.6587 139.4986
4CR2 143 281 86 110.0681 90.9508 333.3936
5MRC 215 477 29 36.9285 307.8849 221.6827
3D2F 463 450 148 105.0907 3.6177 314.0427
2CG9 110 423 21 103.9565 235.7333 215.1086
1U6G 16 23 27 125.9995 78.7063 161.2736
3D2F 34 55 82 76.3935 99.3099 3.1023
3D2F 277 271 15 128.8762 328.3841 118.9125
3D2F 235 449 63 69.4214 238.1660 134.1988
4V94_fixed 371 108 55 40.8544 72.1487 325.4109
3H84 314 452 146 62.6989 317.1850 233.1497
3CF3 202 448 42 58.6454 316.1284 8.1976
3QM1 14 358 72 37.1765 309.4555 294.2521
3D2F 492 497 152 110.2844 310.0643 239.5698
3D2F 440 489 110 142.8169 290.7904 7.5764
1S3X 499 57 159 140.2528 336.4201 325.5192
1S3X 217 437 138 104.4447 1.7136 20.9450
4V94_fixed 404 244 165 93.2767 70.4344 135.1083
3D2F 174 99 79 63.3004 358.4312 281.1303
1U6G 372 18 121 22.5262 293.5655 185.8084
4CR2 416 228 140 157.1059 356.7357 270.3899
3H84 285 380 82 86.5680 201.5433 320.9864
1S3X 224 31 16 87.0962 65.7568 173.8111
4V94_fixed 475 30 109 94.2171 100.8001 325.1901
1QVR 293 325 126 87.9072 236.1423 184.8050
1QVR 31 254 90 117.1444 66.2444 202.2925
1U6G 450 18 33 70.9305 122.4533 48.1316
5MRC 388 19 62 54.6645 338.8848 239.5019
5MRC 473 116 48 102.7775 318.1417 47.3515
3D2F 96 100 140 107.9003 316.3687 135.4921
1BXN 69 61 115 161.6914 348.5685 303.2687
3H84 231 199 61 86.4806 251.2002 164.3320
3CF3 107 415 80 128.2271 316.3947 105.1885
4CR2 134 475 137 95.1165 243.5744 14.1115
3GL1 209 239 22 48.0389 278.4162 104.5755
4V94_fixed 302 427 42 124.8220 111.8679 55.7367
3D2F 86 260 28 33.3147 113.8433 77.0325
3CF3 30 15 46 41.2387 305.0631 297.6991
1S3X 253 483 172 96.6733 135.1957 106.0460
3GL1 368 345 84 140.4700 311.8063 101.0546
3CF3 468 390 15 59.6794 39.6635 38.4962
1BXN 468 469 150 140.0280 8.6232 83.4204
4CR2 415 82 60 126.9599 340.0752 308.9796
5MRC 81 95 79 168.1012 109.0591 313.8668
3QM1 417 167 135 43.1126 68.5444 311.7133
4V94_fixed 179 59 90 138.9988 89.2932 240.8236
3GL1 404 334 151 170.8333 221.1535 104.5829
3CF3 248 109 104 44.3889 59.9800 328.0135
4V94_fixed 78 465 141 70.2163 266.6438 115.5726
1BXN 419 158 53 109.4286 283.7398 144.6441
2CG9 269 91 14 72.0542 27.5349 341.5233
1S3X 105 287 48 38.5399 21.8175 45.6835
3QM1 25 409 149 91.0088 86.1997 267.4362
3GL1 99 82 151 59.3813 139.4939 33.1585
1S3X 240 379 53 89.8231 34.9321 183.7714
2CG9 442 432 91 45.3487 240.3789 314.1011
3D2F 151 159 84 94.7189 104.3462 145.3818
4CR2 190 209 17 108.2571 63.7324 270.2210
4CR2 301 198 46 101.4918 12.0766 339.9239
3QM1 167 235 47 61.1191 46.9087 90.4440
3CF3 294 73 56 55.9744 192.9310 227.0886
3D2F 400 432 55 156.4830 211.4017 88.1934
5MRC 212 245 60 87.4119 182.8927 180.6355
4V94_fixed 199 173 146 62.2064 105.4389 136.4313
3H84 286 106 61 112.6893 118.8870 309.8457
3H84 397 133 67 72.8356 3.7731 356.1186
3CF3 367 35 89 56.0084 1.7650 264.8341
1U6G 184 142 32 19.6437 39.4620 304.5855
1U6G 457 13 86 145.7965 153.5073 256.7489
4CR2 205 444 139 86.4599 49.9337 240.7555
2CG9 213 27 165 138.5764 221.5873 14.4468
3D2F 462 278 22 115.3992 344.2954 229.9104
4V94_fixed 174 304 75 100.4410 59.5982 202.2942
3CF3 241 490 84 110.7624 348.8804 176.4283
3H84 335 221 77 128.1522 304.4382 291.5906
3QM1 491 455 54 137.3386 323.5749 201.4066
3D2F 478 250 22 55.9895 319.9067 244.8762
3QM1 162 85 70 71.6030 355.1789 323.2175
1BXN 22 215 156 99.6067 309.3384 237.3908
4CR2 429 413 152 103.9264 32.1481 165.6679
2CG9 463 233 111 73.0378 70.0028 17.8911
4CR2 407 185 81 157.5519 66.1300 149.2033
3CF3 274 286 23 143.7690 116.7254 27.5017
4CR2 205 256 19 138.3238 216.8818 197.0882
1U6G 265 496 52 57.9586 287.2619 355.3423
3D2F 205 338 32 30.7862 204.6767 50.6166
1QVR 314 151 153 97.7502 208.0845 171.5328
1U6G 407 425 126 80.8226 303.7529 180.7575
4CR2 180 242 83 123.2994 306.5341 23.9444
3H84 63 342 67 152.6285 187.8363 334.6315
4V94_fixed 388 135 151 53.6736 173.2772 122.6949
1U6G 361 392 77 50.3077 245.8550 337.2889
1QVR 251 346 38 92.0432 200.1655 67.8422
3H84 181 491 44 48.3730 285.9844 356.3543
1QVR 142 415 119 29.6547 65.4192 306.8325
1S3X 493 100 8 97.5452 332.0775 106.7380
3CF3 497 45 61 152.8477 324.8902 163.6681
1U6G 133 439 61 84.4071 145.1187 209.2015
5MRC 32 96 129 71.7617 340.2525 70.7604
1BXN 172 386 45 24.9337 259.8785 218.1569
1S3X 37 378 39 42.6803 281.5806 192.7264
1U6G 398 271 133 83.2091 251.0425 138.6462
1U6G 314 233 45 145.1126 68.8663 211.7413
5MRC 252 132 95 105.8769 319.1994 123.8024
5MRC 473 392 142 41.9512 296.7921 2.1410
3QM1 221 69 132 159.6051 305.9344 53.9764
4V94_fixed 305 365 38 132.7771 135.3637 234.1647
5MRC 214 293 153 45.3163 164.1618 337.1803
3CF3 488 97 157 146.0167 215.1416 239.0947
3D2F 146 451 90 65.0360 280.7103 83.9129
2CG9 136 239 28 68.5833 118.3850 340.6125
4V94_fixed 490 338 51 146.7798 31.1810 102.4776
1U6G 411 489 117 116.0095 253.8787 325.0982
3H84 82 487 16 159.6480 177.4005 213.3196
4V94_fixed 97 33 118 109.7539 226.2703 135.4538
4CR2 36 438 48 69.3401 133.1506 119.4345
3CF3 385 234 26 32.9543 236.0169 282.4021
4CR2 231 230 31 110.7837 255.2399 99.3909
3GL1 52 310 41 70.0744 1.0333 246.7253
5MRC 90 392 90 67.0680 308.9156 314.1726
3GL1 35 10 157 117.5406 83.5338 9.4489
2CG9 425 317 15 91.5472 138.6919 258.8175
4CR2 109 315 138 71.6068 267.0751 311.5729
3GL1 420 352 13 99.7065 5.9086 302.2598
2CG9 220 248 127 86.5492 40.6406 78.2242
3CF3 474 333 11 82.4191 96.3832 4.0968
1QVR 454 412 60 100.2356 87.0298 19.8635
1S3X 141 128 82 92.4772 129.0122 271.3298
2CG9 19 489 87 96.4792 106.4275 33.1071
1BXN 202 137 148 80.7287 14.0658 178.1668
1U6G 199 173 123 57.7068 328.9665 286.5001
3GL1 11 233 84 51.2486 26.1668 141.0976
3QM1 222 36 81 144.4175 229.0573 295.6162
5MRC 134 360 160 66.1472 302.7493 288.5358
4CR2 92 487 145 151.7962 195.3144 113.9407
2CG9 10 62 53 23.2169 111.5380 166.6078
3D2F 189 222 150 125.3848 344.0352 241.9154
3CF3 159 147 71 77.6556 323.5356 286.4126
2CG9 475 176 98 64.3732 74.0369 30.6602
3QM1 287 202 114 125.0392 19.3417 221.7338
5MRC 256 437 134 133.3965 209.6059 126.1696
5MRC 354 51 30 13.9658 75.1126 297.6553
3GL1 38 360 149 14.6302 144.3889 157.2697
4V94_fixed 28 160 163 124.6841 134.8183 175.3678
1BXN 207 266 101 99.7507 225.4418 302.0529
5MRC 108 350 118 143.4319 195.7978 57.7934
3GL1 257 443 17 54.0411 285.7358 286.1091
1S3X 293 365 168 21.4349 253.8463 353.2061
3QM1 340 31 40 32.0219 224.5884 62.1560
2CG9 313 226 165 77.9084 304.6669 183.9579
1BXN 384 90 36 53.1469 94.2619 135.1337
2CG9 331 377 61 96.5424 138.5105 253.9339
2CG9 136 115 144 88.0872 200.6375 295.0366
1BXN 294 134 104 26.2343 302.9442 56.9329
1BXN 441 32 93 97.5825 211.6730 64.9315
3CF3 414 135 127 120.5314 284.3051 160.2378
3GL1 459 143 144 33.5538 62.1845 296.5935
2CG9 76 180 54 130.3215 44.7503 5.0790
1S3X 50 67 35 112.4357 185.1177 30.3328
3QM1 439 259 108 138.6218 129.9458 273.4411
4V94_fixed 16 39 160 16.5137 76.0285 131.3817
4CR2 78 332 101 86.6423 83.7411 157.6285
2CG9 255 183 120 111.3240 230.5092 116.4247
3GL1 281 26 132 141.9199 69.3144 340.3885
4V94_fixed 355 349 161 89.3356 134.1921 320.2675
5MRC 386 213 62 135.6345 74.9630 130.0720
3GL1 450 71 86 75.9254 339.4444 1.6431
5MRC 81 82 136 109.6094 230.9028 28.2939
3QM1 169 70 101 54.1357 131.5391 13.1527
3D2F 302 220 103 159.6025 110.2215 189.9218
4V94_fixed 301 24 52 53.1233 163.7176 339.3928
3GL1 318 437 161 79.5104 262.2603 74.8957
4CR2 146 429 64 120.6627 156.5805 286.3517
1QVR 97 264 151 80.3247 279.1369 78.5664
3D2F 79 167 31 83.6188 163.1368 34.6500
4CR2 412 182 37 152.3145 43.6051 229.3465
2CG9 421 219 156 73.8293 310.6355 13.2866
3H84 424 195 67 104.1503 23.3319 11.1954
3CF3 57 344 117 94.7427 316.5685 137.8769
1U6G 225 168 155 62.3968 114.4761 127.1369
4V94_fixed 78 445 155 175.3244 266.5191 10.1476
1QVR 467 234 150 68.8501 357.4527 306.5218
4CR2 458 351 160 44.7332 99.2290 111.4283
3QM1 204 365 136 57.8016 139.5166 39.1218
4V94_fixed 86 493 108 122.7378 262.9675 224.7319
3CF3 476 112 85 99.1794 151.0517 249.9597
1QVR 194 378 165 48.5714 170.0644 346.6987
1QVR 62 57 151 25.5568 10.1480 78.3141
1S3X 250 502 25 151.1254 327.8397 189.2262
5MRC 93 195 97 111.8171 86.1444 64.7229
1QVR 98 30 84 63.0469 306.1881 216.2384
4V94_fixed 489 414 64 68.8450 344.7130 184.4954
4CR2 88 377 44 149.8805 7.1302 37.0274
3H84 142 49 65 24.3578 262.1407 126.8739
1BXN 32 497 91 132.7801 13.8208 80.9608
1QVR 232 423 134 131.2101 2.9741 245.3796
1S3X 386 274 104 94.7382 333.9355 353.4630
3H84 378 486 112 140.7982 111.1478 116.5550
1QVR 104 408 140 123.1781 194.4886 31.4204
1U6G 430 127 107 62.4004 359.1446 19.8546
3GL1 328 303 142 149.0292 71.1972 209.7044
5MRC 488 342 110 89.3785 126.9794 162.9529
4V94_fixed 99 166 17 152.9774 18.0236 132.0567
3GL1 164 124 152 55.4891 148.6472 50.0884
3D2F 192 410 82 113.5688 0.9272 5.6538
1S3X 307 45 72 78.1912 302.3332 154.9070
4CR2 466 174 146 110.5071 111.1820 298.4937
3CF3 500 469 64 97.5918 352.4398 13.3052
5MRC 270 162 21 31.5551 123.3199 98.1378
4CR2 229 302 82 105.5886 168.2497 113.7025
3H84 187 477 155 104.3019 257.5921 27.3914
5MRC 60 397 43 97.2244 273.0842 19.3424
4CR2 145 340 41 69.4107 243.9478 81.3613
3H84 501 440 123 41.1741 77.1769 18.1229
4V94_fixed 349 15 109 92.3441 259.5864 165.4481
3D2F 500 182 152 86.9849 350.9264 201.8906
4V94_fixed 172 357 123 71.1161 132.6566 331.9473
3D2F 62 136 92 127.9234 215.8099 218.7228
1U6G 401 27 44 67.7686 80.1651 17.6416
3D2F 253 254 15 32.2126 334.9079 42.5424
3GL1 264 459 74 136.9280 278.9007 200.5758
3QM1 385 22 140 131.4280 249.4332 84.5941
3QM1 442 176 165 54.1213 212.4378 164.2012
1S3X 474 294 99 133.2041 297.8591 11.1321
2CG9 497 353 155 167.7655 155.8729 199.9524
1BXN 208 110 26 151.0196 189.0639 194.0547
3GL1 23 195 80 103.7030 132.6654 233.0215
1U6G 456 392 28 76.3444 196.0156 174.6254
1U6G 100 148 78 75.3248 4.6478 59.9456
4V94_fixed 72 86 20 112.5346 101.1180 228.2767
5MRC 246 35 139 58.9286 357.9625 38.7408
1QVR 194 398 20 170.3456 164.5988 285.6765
1BXN 176 265 128 52.5694 32.7966 301.3492
1U6G 355 113 73 90.0151 311.6030 30.3723
5MRC 412 181 131 60.7999 121.0844 255.6353
4CR2 335 252 141 103.4005 57.2211 24.9014
3D2F 477 402 110 43.8237 246.9351 355.5276
4V94_fixed 129 94 70 63.2441 49.6322 48.4967
3D2F 108 322 60 128.0693 345.2828 83.4702
3H84 207 382 166 33.4067 254.9148 174.0550
1QVR 443 144 51 100.2563 352.4795 242.1444
1S3X 226 301 171 61.2680 274.4562 131.0559
1S3X 155 286 85 84.0350 347.5835 201.6015
1BXN 102 460 68 147.6214 354.5970 261.2318
3GL1 358 445 71 20.1032 66.6581 304.9701
4CR2 110 375 63 105.5063 21.6288 92.7479
4CR2 466 212 107 65.2891 201.0248 136.5988
2CG9 374 347 109 166.6726 114.2067 281.7965
1QVR 359 221 51 116.5292 83.2191 283.0039
4V94_fixed 332 201 43 120.9612 75.2264 187.4703
3GL1 186 401 61 78.1234 159.3424 313.5691
1U6G 238 413 53 6.3136 121.0996 359.1477
3GL1 397 454 30 56.3077 50.8604 198.8740
1QVR 47 395 142 92.8629 167.9369 150.3427
3GL1 265 278 54 155.6706 56.4215 101.1828
4V94_fixed 126 450 105 46.0847 320.1083 341.0422
3H84 117 423 30 118.8217 193.0274 50.8474
3GL1 259 188 98 118.7098 193.3070 200.6512
1U6G 361 11 36 115.3808 51.0724 18.9005
4V94_fixed 449 403 151 88.3014 92.3024 83.0692
1U6G 408 256 76 92.9038 179.3433 45.1551
3CF3 221 321 159 50.2465 32.4186 153.0271
3CF3 434 219 80 68.8830 7.8496 244.2555
3GL1 326 316 43 48.8652 36.3770 68.3341
1BXN 116 158 138 92.9510 223.3474 203.3402
1BXN 501 163 136 64.1298 166.8320 33.9820
4V94_fixed 71 419 90 45.7575 106.0771 338.1639
4V94_fixed 400 499 45 121.2142 42.1477 247.6455
3GL1 454 456 61 29.3427 82.0017 129.5706
4V94_fixed 423 113 68 32.4500 204.8465 293.7409
4CR2 436 267 47 56.1164 81.3721 131.1384
2CG9 429 103 106 123.8813 211.7513 46.7118
3H84 353 182 124 116.4556 146.7563 50.4894
4V94_fixed 299 198 68 136.4515 170.3088 179.8127
4V94_fixed 13 188 42 42.3726 258.3254 44.7681
3CF3 228 435 63 118.2722 208.7959 274.5773
3D2F 289 361 107 44.9138 67.1938 260.6708
3QM1 474 486 114 138.4499 16.8735 236.2410
1U6G 293 212 43 25.0650 304.9576 306.1266
1QVR 104 135 162 59.0813 233.2791 302.8377
3GL1 43 337 10 80.2891 243.2118 243.6915
5MRC 327 33 28 32.6803 200.1588 28.5332
3QM1 458 140 48 166.6577 202.6866 254.7953
1QVR 200 337 95 163.6778 29.8176 59.3069
1QVR 174 449 102 89.8191 156.3692 97.9562
3H84 54 299 102 143.9639 343.3305 196.3013
1BXN 230 68 166 109.9688 325.2618 282.9920
4V94_fixed 446 419 80 60.7241 35.6359 235.6488
1U6G 499 151 52 70.7535 323.9547 114.5000
4CR2 79 303 115 62.1841 235.3983 24.2882
3H84 337 327 104 66.7895 220.8757 264.6189
4CR2 468 359 73 118.3979 108.1424 258.4103
3QM1 214 34 7 99.7135 174.6103 267.9584
1U6G 54 101 73 73.3757 119.4404 257.3832
2CG9 188 356 107 76.9130 130.0330 63.5825
4CR2 231 185 44 164.5819 126.5384 217.5288
3H84 273 453 49 67.1454 348.9095 250.9085
3GL1 143 97 161 65.1454 295.2220 140.1673
1U6G 447 439 16 38.1753 40.0271 226.9606
3H84 343 58 122 128.4813 30.0621 322.4900
4V94_fixed 346 211 28 61.2531 34.5247 310.2279
5MRC 199 313 73 83.8944 92.7955 176.1117
1U6G 349 141 128 77.5498 181.3624 127.8542
2CG9 113 480 93 92.7695 310.0511 165.7229
5MRC 301 465 159 116.0671 98.0298 304.7208
3GL1 21 344 52 129.6222 69.2228 121.3736
1S3X 270 181 24 73.2897 64.4603 22.0070
3QM1 228 140 124 56.7266 153.6988 119.6520
1U6G 370 193 30 68.8729 132.7584 46.6819
3CF3 112 48 43 108.4000 307.6188 17.2679
1U6G 383 349 61 16.3534 240.0865 336.2477
4CR2 363 267 31 145.8262 356.0795 141.7089
2CG9 361 211 130 95.2644 47.2551 173.1825
4CR2 17 306 139 113.5435 116.4839 280.6206
4CR2 271 111 141 103.1566 106.1573 98.6271
5MRC 59 377 155 73.2148 201.4959 88.3677
1BXN 281 23 145 50.3323 248.8376 132.8110
1QVR 395 266 71 126.8966 7.5992 307.3823
1BXN 372 227 24 117.7147 280.0560 302.2679
3CF3 462 232 69 50.0399 126.3293 335.0936
1BXN 132 319 137 63.8149 327.6357 34.2942
3QM1 500 260 160 108.5624 95.9714 112.1203
3QM1 494 232 72 127.4559 253.2194 153.7988
3GL1 48 9 128 113.5355 315.4547 356.1418
3GL1 498 11 126 149.5985 194.8679 284.3477
2CG9 252 487 91 67.9705 39.5281 295.4846
5MRC 203 312 21 147.4766 174.4458 65.0748
3D2F 275 78 152 122.1338 316.3536 233.1170
1BXN 457 204 86 76.2703 128.4139 275.2548
3GL1 229 379 153 120.1318 270.9529 51.8746
3D2F 292 367 141 83.6274 79.8101 22.5189
3CF3 184 187 34 119.5733 321.8548 133.4565
3QM1 350 150 61 41.0651 277.4535 235.6344
1QVR 110 105 88 67.3375 305.0551 273.1212
3QM1 76 232 169 154.4376 323.4118 53.8143
1BXN 151 477 74 40.3579 298.8380 60.5306
4CR2 413 209 115 82.5607 80.6590 78.4221
1BXN 289 267 43 114.5545 320.9825 185.8334
3CF3 25 197 133 74.5607 159.4392 323.5993
5MRC 453 235 33 86.8315 134.1773 332.3516
3QM1 118 143 109 80.8745 29.3831 68.7012
4CR2 259 95 38 114.6718 212.1018 308.0821
5MRC 62 446 39 115.6555 178.1414 154.1212
5MRC 218 74 38 110.8238 219.0644 213.3536
3D2F 432 90 112 95.9334 20.8030 104.5168
3QM1 408 421 107 96.2066 189.7385 229.8104
4V94_fixed 109 85 111 152.1762 251.3983 305.2045
1U6G 33 267 166 81.2547 174.6676 124.6085
4CR2 303 281 17 137.5837 215.4986 54.8799
3D2F 47 262 153 92.5484 217.7049 179.0818
1U6G 331 351 20 159.8036 114.7042 120.1949
3H84 246 292 92 114.5006 58.3742 337.5579
1U6G 62 426 16 35.3565 329.6221 328.7649
1U6G 226 135 151 84.4242 47.4068 292.0378
1QVR 335 71 14 58.9751 244.6783 320.3463
4V94_fixed 289 65 108 31.9586 20.8583 214.4123
3QM1 457 320 141 108.0226 290.6387 236.5480
1BXN 19 476 79 54.8179 333.9343 347.5700
2CG9 291 282 61 51.2983 66.6179 341.3185
1QVR 111 111 62 87.7762 105.1657 103.2470
3CF3 360 116 148 65.2541 88.5457 128.5807
3QM1 225 94 10 67.5907 82.4938 202.7211
1QVR 491 162 103 104.7842 349.9625 270.6957
3GL1 467 296 84 118.0760 145.9300 133.0785
5MRC 361 374 25 87.7156 288.3633 103.6277
2CG9 335 290 20 70.7321 74.7199 242.7617
3H84 452 126 147 17.6948 327.4038 17.4148
5MRC 457 336 81 95.3406 336.4096 95.1903
5MRC 166 409 65 85.7669 299.9520 90.4409
3D2F 292 499 75 125.0909 212.1994 227.2792
2CG9 182 150 12 59.3381 27.9739 340.3464
3CF3 58 58 167 97.4698 137.5803 304.0739
5MRC 87 251 82 46.3696 184.4577 300.2207
3H84 115 150 50 162.7242 29.3993 334.7997
2CG9 85 230 50 114.0993 65.0733 288.7064
3D2F 441 483 154 35.8869 12.0615 266.9649
4V94_fixed 317 214 68 45.1550 269.7188 339.9660
1U6G 50 122 29 133.0957 347.4850 195.7233
2CG9 120 76 62 158.9467 173.9419 34.6693
1U6G 430 377 168 72.3146 154.2086 223.8490
1U6G 416 11 51 138.8644 35.0160 144.4906
1BXN 350 237 60 18.7074 154.3043 198.7466
2CG9 124 502 76 110.7915 320.4907 154.2707
2CG9 455 209 69 154.5635 72.6081 151.0655
3QM1 201 488 65 76.1855 38.7997 40.3860
3GL1 466 199 37 109.0350 354.9217 320.6312
3GL1 115 455 117 123.8995 334.8402 218.8084
4V94_fixed 320 495 102 67.8318 23.9347 102.4389
3GL1 502 117 114 12.4192 280.7499 287.3403
1QVR 377 152 63 164.7852 76.3320 103.3969
4CR2 243 155 62 70.9368 148.1042 355.8892
2CG9 236 337 39 111.4622 98.1071 175.9659
3QM1 459 85 94 160.1482 107.0068 92.2929
3CF3 495 145 19 146.2677 175.1993 178.5974
4V94_fixed 199 378 122 125.8972 299.2297 44.6471
5MRC 206 385 96 61.1654 12.0930 239.6761
3H84 226 47 126 86.3477 32.3432 282.6227
3GL1 194 12 145 129.0980 80.3853 238.4626
3QM1 8 497 67 78.6261 289.4438 128.3004
3QM1 18 378 156 52.4515 12.1302 352.1939
3GL1 436 261 83 36.9001 308.8011 1.7471
4CR2 199 276 85 91.5674 38.3909 69.7859
5MRC 231 192 78 113.6017 184.2429 147.3509
1QVR 472 225 88 57.6810 91.2080 166.1912
1QVR 273 480 35 28.4799 317.0809 292.6869
1BXN 407 392 132 106.2277 349.3365 65.5875
1BXN 387 182 102 56.3381 225.3073 160.2585
4V94_fixed 480 239 164 112.8569 42.6292 300.6578
1BXN 445 250 80 126.8258 56.9385 273.0553
1S3X 143 29 115 109.7266 27.0879 184.3080
1S3X 123 203 148 39.0751 210.2061 225.0555
1S3X 493 323 45 130.2274 277.6569 58.3810
4CR2 280 347 56 124.8314 141.7243 2.5962
1QVR 128 413 127 131.2893 181.3621 206.0371
5MRC 30 272 57 34.3405 225.4349 121.4637
4CR2 145 316 35 71.1520 275.5994 165.6414
3D2F 421 244 91 66.4267 164.1394 173.6010
1QVR 444 93 161 91.9218 71.5883 3.9694
3CF3 160 226 57 153.3684 359.0202 359.5439
1S3X 57 422 91 5.8515 267.6701 282.3809
3CF3 70 62 24 118.0002 234.2003 304.2379
3D2F 494 488 108 63.8837 231.1173 107.8458
3D2F 473 91 144 64.7077 218.1535 290.4618
5MRC 443 89 52 123.4470 46.8954 119.9355
3D2F 56 470 138 70.5772 37.2616 171.9671
4V94_fixed 284 412 43 77.5309 59.3820 321.5501
5MRC 270 121 59 64.5376 216.4175 230.2996
1S3X 256 15 136 79.3809 27.5027 200.5860
5MRC 168 121 114 126.6748 96.9225 96.1452
3H84 202 496 102 91.4675 231.1127 47.9942
1BXN 116 181 104 67.1968 41.0734 88.7984
2CG9 391 409 15 126.7427 358.4641 133.4055
4CR2 447 365 148 93.9736 18.4654 101.8874
3D2F 452 88 145 45.2627 74.4831 167.6211
3H84 168 215 67 86.9957 103.7546 96.5434
2CG9 305 189 99 29.0384 58.9536 211.5645
3CF3 364 462 146 29.4782 32.0435 133.6177
4V94_fixed 20 359 25 103.1554 255.3932 129.4028
2CG9 250 407 31 100.3655 112.6945 183.3384
5MRC 324 457 116 62.5141 226.8422 127.9133
4CR2 196 112 162 50.2104 32.1071 23.9977
1U6G 494 321 61 11.0203 140.8643 48.5578
1U6G 98 279 76 61.2764 141.5456 328.6916
5MRC 282 22 65 143.2214 36.6585 5.8889
3QM1 182 340 44 63.1139 145.7720 202.3051
4V94_fixed 351 359 139 151.7229 310.5771 249.0094
4V94_fixed 493 489 131 57.1949 228.7540 38.3718
4V94_fixed 380 399 128 89.6073 340.7720 267.0225
2CG9 335 13 139 152.1438 277.4500 271.4797
4CR2 141 410 71 150.6785 112.4036 83.8447
3QM1 326 45 14 90.8039 140.2044 345.8643
3CF3 411 282 12 90.6507 251.9202 70.3107
1QVR 154 190 153 129.0352 70.2641 110.3470
3CF3 299 288 40 49.7283 82.3832 68.1973
1QVR 248 21 97 71.3840 201.4599 222.7143
1S3X 125 207 6 168.8993 102.0138 111.9629
4V94_fixed 163 360 49 22.5022 158.5656 355.8500
3H84 392 191 45 65.5494 345.4034 201.5071
2CG9 176 385 154 103.4591 284.2163 9.9624
1BXN 139 494 161 159.2598 72.8147 176.1482
5MRC 200 477 136 62.6657 196.2346 352.0406
3CF3 183 238 104 83.8152 301.2137 318.5203
5MRC 331 165 35 103.5620 101.2090 287.4050
1U6G 268 31 112 122.2401 34.9119 291.6176
3H84 101 277 27 144.7697 156.1305 45.9222
1S3X 40 97 141 113.3535 15.5340 217.3644
1S3X 406 248 61 60.6413 1.4477 68.5615
1BXN 120 391 93 111.2028 52.9474 297.8849
1S3X 284 231 26 162.0471 201.3448 185.8220
3H84 93 275 86 151.9385 136.1417 347.6747
3GL1 76 241 59 30.6580 191.0263 15.1640
3CF3 382 202 128 76.9870 269.6264 70.6792
1U6G 207 30 63 43.8205 244.6598 135.8266
1U6G 285 500 50 51.5071 155.0170 287.2393
3CF3 205 260 129 76.3127 222.2309 318.1447
1QVR 88 80 14 76.5248 122.0330 187.8815
1S3X 223 293 8 128.4927 348.1127 315.1053
3CF3 457 60 73 112.3998 226.1963 295.2815
1QVR 249 168 37 93.6609 328.5330 4.9918
3D2F 122 463 91 110.3812 84.7671 210.5462
3D2F 142 122 137 92.3703 255.1828 220.8163
1U6G 471 390 159 54.8703 279.9811 51.0131
3QM1 36 305 88 36.1868 286.3367 147.9880
1S3X 384 139 167 20.9191 14.1716 209.1198
4V94_fixed 59 337 53 30.7733 303.5182 174.4346
1QVR 156 349 99 108.4000 4.1612 336.0171
4CR2 387 182 62 116.5756 141.2955 60.8808
5MRC 334 344 152 111.3134 240.4271 143.4110
3H84 450 330 145 142.6265 279.9344 325.9156
3D2F 274 275 154 44.8550 131.9365 154.1106
5MRC 290 408 143 75.3792 108.8122 129.7102
2CG9 74 219 155 138.2740 126.7559 10.3829
1U6G 413 335 104 52.9873 33.6180 194.8269
3GL1 440 67 119 149.6309 332.7135 25.9798
3CF3 32 138 95 113.5354 27.3937 168.7128
5MRC 308 57 125 137.0796 329.2273 283.6576
1S3X 177 193 62 105.8033 219.0932 295.2986
2CG9 258 471 141 107.5839 129.0031 51.5850
4V94_fixed 154 141 122 79.3022 340.1096 61.6787
4CR2 491 462 139 119.5128 73.4066 53.2419
1QVR 69 169 61 52.5833 323.3219 14.7299
4V94_fixed 86 171 160 90.9228 162.1984 282.8000
4CR2 467 265 80 31.6389 158.3047 320.2873
3GL1 128 320 30 27.2015 217.4583 195.7506
1BXN 351 44 128 131.5137 90.6180 174.7627
3GL1 481 106 170 22.6504 73.1433 328.5287
1U6G 413 78 27 74.8221 301.8323 96.2163
3D2F 306 477 44 69.2470 12.2177 20.2924
3QM1 451 182 41 69.3375 235.7268 27.0940
3H84 310 209 12 48.4164 313.2371 5.6328
1BXN 63 502 58 42.2940 147.6234 159.1344
1QVR 39 239 110 85.6384 164.4229 39.6902
5MRC 293 442 21 144.6052 179.5769 65.2685
3CF3 171 249 137 124.0012 272.2030 185.9948
3H84 494 111 56 91.3769 71.3050 148.0885
4V94_fixed 80 26 47 23.4303 180.6468 47.6926
1BXN 60 453 84 120.6548 243.1197 178.7936
2CG9 277 428 12 74.0614 112.4070 120.6883
4CR2 338 432 99 91.5171 97.5769 110.7668
1BXN 193 499 72 165.6267 157.5887 138.6689
1S3X 324 413 59 1.9326 114.9416 108.4409
4CR2 160 231 119 13.2113 70.7619 3.8870
3D2F 252 487 149 134.9889 19.0824 244.8745
4CR2 137 274 151 52.1630 317.0313 273.1190
3H84 92 128 169 42.2754 114.8851 26.9949
2CG9 261 39 63 76.7834 178.9509 135.6374
3GL1 289 65 150 106.5538 326.8785 86.3888
1U6G 358 331 131 54.4485 197.0132 338.4472
1QVR 291 412 21 63.7451 216.8102 270.8018
1U6G 45 315 94 90.1082 347.2222 49.5043
4V94_fixed 489 84 87 48.0266 35.4389 265.0979
3D2F 374 138 47 114.2395 44.0302 49.2376
1U6G 159 437 36 137.6497 163.1666 187.0705
5MRC 272 354 29 58.4336 322.1557 120.5431
1S3X 486 312 52 145.0598 214.2348 145.6391
1QVR 237 323 13 79.0995 294.8575 284.4868
4V94_fixed 410 214 89 54.6340 248.7970 132.6264
3H84 254 301 81 111.6825 342.1816 76.2068
2CG9 343 202 62 114.3819 239.3937 79.0633
4CR2 64 492 77 69.5163 136.8833 144.8677
4CR2 305 453 43 48.4454 6.7272 118.6101
4CR2 197 425 20 51.5279 129.2018 21.6723
1S3X 252 24 7 122.6595 337.4296 45.4852
3H84 304 41 94 85.8126 154.3893 289.2584
3CF3 220 118 153 69.2813 145.1059 336.8467
4CR2 327 151 64 129.4003 354.9903 338.8264
1BXN 193 499 126 55.8259 102.6778 270.9117
2CG9 295 346 152 63.4190 84.7976 174.8315
1QVR 215 308 46 93.6316 154.8530 187.6816
3D2F 85 409 42 139.2150 160.8900 160.5803
3QM1 90 106 43 88.0547 47.6165 16.3596
4V94_fixed 40 456 28 72.6951 330.3455 299.2239
3QM1 200 228 146 53.4692 20.5668 77.7812
1QVR 113 338 20 103.7874 140.0989 46.2302
5MRC 69 379 105 114.1681 195.8185 99.2292
4V94_fixed 496 110 27 38.5990 68.3731 173.8169
